===========================
Submitted by  soln
LU:
Input:
[   2.00    3.00    1.00    5.00 ]
[   6.00   13.00    5.00   19.00 ]
[   2.00   19.00   10.00   23.00 ]
[   4.00   10.00   11.00   31.00 ]

Steps:
[   2.00    3.00    1.00    5.00 ]
[   6.00   13.00    5.00   19.00 ]
[   2.00   19.00   10.00   23.00 ]
[   4.00   10.00   11.00   31.00 ]

[   2.00    3.00    1.00    5.00 ]
[   3.00    4.00    2.00    4.00 ]
[   1.00   16.00    9.00   18.00 ]
[   2.00    4.00    9.00   21.00 ]

[   2.00    3.00    1.00    5.00 ]
[   3.00    4.00    2.00    4.00 ]
[   1.00   16.00    9.00   18.00 ]
[   2.00    4.00    9.00   21.00 ]

[   2.00    3.00    1.00    5.00 ]
[   3.00    4.00    2.00    4.00 ]
[   1.00    4.00    1.00    2.00 ]
[   2.00    1.00    7.00   17.00 ]

[   2.00    3.00    1.00    5.00 ]
[   3.00    4.00    2.00    4.00 ]
[   1.00    4.00    1.00    2.00 ]
[   2.00    1.00    7.00   17.00 ]

[   2.00    3.00    1.00    5.00 ]
[   3.00    4.00    2.00    4.00 ]
[   1.00    4.00    1.00    2.00 ]
[   2.00    1.00    7.00    3.00 ]

---------------------------
Output:
[   2.00    3.00    1.00    5.00 ]
[   3.00    4.00    2.00    4.00 ]
[   1.00    4.00    1.00    2.00 ]
[   2.00    1.00    7.00    3.00 ]

result =  solved
---------------------------
===========================
Submitted by  soln
LUP:
---------------------------
Input:
[   2.00    0.00    2.00    0.60 ]
[   3.00    3.00    4.00   -2.00 ]
[   5.00    5.00    4.00    2.00 ]
[  -1.00   -2.00    3.40   -1.00 ]

---------------------------
Steps:
[  0][   2.00    0.00    2.00    0.60 ]
[  1][   3.00    3.00    4.00   -2.00 ]
[  2][   5.00    5.00    4.00    2.00 ]
[  3][  -1.00   -2.00    3.40   -1.00 ]

[  2][   5.00    5.00    4.00    2.00 ]
[  1][   0.60    0.00    1.60   -3.20 ]
[  0][   0.40   -2.00    0.40   -0.20 ]
[  3][  -0.20   -1.00    4.20   -0.60 ]

[  2][   5.00    5.00    4.00    2.00 ]
[  1][   0.60    0.00    1.60   -3.20 ]
[  0][   0.40   -2.00    0.40   -0.20 ]
[  3][  -0.20   -1.00    4.20   -0.60 ]

[  2][   5.00    5.00    4.00    2.00 ]
[  0][   0.40   -2.00    0.40   -0.20 ]
[  1][   0.60   -0.00    1.60   -3.20 ]
[  3][  -0.20    0.50    4.00   -0.50 ]

[  2][   5.00    5.00    4.00    2.00 ]
[  0][   0.40   -2.00    0.40   -0.20 ]
[  1][   0.60   -0.00    1.60   -3.20 ]
[  3][  -0.20    0.50    4.00   -0.50 ]

[  2][   5.00    5.00    4.00    2.00 ]
[  0][   0.40   -2.00    0.40   -0.20 ]
[  3][  -0.20    0.50    4.00   -0.50 ]
[  1][   0.60   -0.00    0.40   -3.00 ]

---------------------------
Output:
[  2][   5.00    5.00    4.00    2.00 ]
[  0][   0.40   -2.00    0.40   -0.20 ]
[  3][  -0.20    0.50    4.00   -0.50 ]
[  1][   0.60   -0.00    0.40   -3.00 ]

---------------------------
result =  solved
---------------------------
===========================
Submitted by  soln
SIMPLEX:
Input:
[   1.00   -3.00   -1.00   -2.00    0.00    0.00    0.00    0.00 ]
[   0.00    1.00    1.00    3.00    1.00    0.00    0.00   30.00 ]
[   0.00    2.00    2.00    5.00    0.00    1.00    0.00   24.00 ]
[   0.00    4.00    1.00    2.00    0.00    0.00    1.00   36.00 ]

Steps:
[   1.00   -3.00   -1.00   -2.00    0.00    0.00    0.00    0.00 ]
[   0.00    1.00    1.00    3.00    1.00    0.00    0.00   30.00 ]
[   0.00    2.00    2.00    5.00    0.00    1.00    0.00   24.00 ]
[   0.00    4.00    1.00    2.00    0.00    0.00    1.00   36.00 ]

[   1.00    0.00   -0.25   -0.50    0.00    0.00    0.75   27.00 ]
[   0.00    0.00    0.75    2.50    1.00    0.00   -0.25   21.00 ]
[   0.00    0.00    1.50    4.00    0.00    1.00   -0.50    6.00 ]
[   0.00    1.00    0.25    0.50    0.00    0.00    0.25    9.00 ]

[   1.00    0.00   -0.25   -0.50    0.00    0.00    0.75   27.00 ]
[   0.00    0.00    0.75    2.50    1.00    0.00   -0.25   21.00 ]
[   0.00    0.00    1.50    4.00    0.00    1.00   -0.50    6.00 ]
[   0.00    1.00    0.25    0.50    0.00    0.00    0.25    9.00 ]

[   1.00    0.00   -0.06    0.00    0.00    0.12    0.69   27.75 ]
[   0.00    0.00   -0.19    0.00    1.00   -0.62    0.06   17.25 ]
[   0.00    0.00    0.38    1.00    0.00    0.25   -0.12    1.50 ]
[   0.00    1.00    0.06    0.00    0.00   -0.12    0.31    8.25 ]

[   1.00    0.00   -0.06    0.00    0.00    0.12    0.69   27.75 ]
[   0.00    0.00   -0.19    0.00    1.00   -0.62    0.06   17.25 ]
[   0.00    0.00    0.38    1.00    0.00    0.25   -0.12    1.50 ]
[   0.00    1.00    0.06    0.00    0.00   -0.12    0.31    8.25 ]

[   1.00    0.00    0.00    0.17    0.00    0.17    0.67   28.00 ]
[   0.00    0.00    0.00    0.50    1.00   -0.50    0.00   18.00 ]
[   0.00    0.00    1.00    2.67    0.00    0.67   -0.33    4.00 ]
[   0.00    1.00    0.00   -0.17    0.00   -0.17    0.33    8.00 ]

---------------------------
Output:
[   1.00    0.00    0.00    0.17    0.00    0.17    0.67   28.00 ]
[   0.00    0.00    0.00    0.50    1.00   -0.50    0.00   18.00 ]
[   0.00    0.00    1.00    2.67    0.00    0.67   -0.33    4.00 ]
[   0.00    1.00    0.00   -0.17    0.00   -0.17    0.33    8.00 ]

result =  solved
     z =  28.0
     x =  [8.0, 4.0, 0, 18.0, 0, 0]
---------------------------
===========================
Submitted by  soln
LUP-SOLVE:
---------------------------
Input:
[   5.00    6.00    3.00 ]
[   0.20    0.80   -0.60 ]
[   0.60    0.50    2.50 ]

RHS:
[3.0, 7.0, 8.0]
---------------------------
x = [-1.4, 2.2, 0.6]
---------------------------
